1.000000 0.974159 0.975512 0.953352 0.978885 0.996754 0.975778 0.978493 0.991161 0.960610 0.982963 0.991033 0.991451 0.985973 0.949849 0.983076 0.985323 0.964482 0.945372 0.987049 0.986956 0.924241 0.981757 0.962152 0.989846 0.988533 0.975248 0.992524 0.981451 0.960473 0.978745 0.976442 0.985028 0.987888 0.972564 0.951534 0.958756 0.872977 0.963169 0.980246 0.994813 0.973566 0.991569 0.993730 0.947191 0.968777 0.975891 0.983422 0.961610 0.885527 0.990673 0.991008 0.975793 0.988367 0.953323 0.976823 0.976071 0.995021 0.990493 0.989387 0.965748 0.979419 0.961999 0.987019 0.994912 0.955218 0.982286 0.989773 0.993696 0.973310 0.948300 0.969960 0.956495 0.990513 0.970522 0.996271 0.979020 0.985248 0.994517 0.993596 0.928099 0.986871 0.975280 0.970521 0.961561 0.963806 0.933612 0.965468 0.941707 0.981185 0.983434 0.967851 0.985671 0.975578
0.974159 1.000000 0.996114 0.987326 0.985355 0.986029 0.978377 0.995562 0.991215 0.965441 0.994623 0.981699 0.973734 0.977791 0.984771 0.990904 0.990519 0.976514 0.978476 0.993053 0.991848 0.972301 0.995884 0.980876 0.977947 0.987790 0.990996 0.988697 0.991630 0.994702 0.996823 0.970920 0.981893 0.989296 0.989843 0.987876 0.989464 0.898077 0.995634 0.979930 0.971458 0.993563 0.990565 0.986919 0.988300 0.986892 0.993062 0.984879 0.986998 0.893696 0.979420 0.987940 0.959313 0.987684 0.987253 0.983559 0.982826 0.970629 0.989871 0.979007 0.990527 0.992311 0.980116 0.993279 0.986353 0.973687 0.956750 0.986786 0.988855 0.960455 0.988504 0.969787 0.992294 0.986532 0.988827 0.974259 0.970087 0.978820 0.985615 0.981453 0.979207 0.975375 0.980950 0.972334 0.990575 0.983215 0.946841 0.994651 0.943946 0.985166 0.983981 0.998382 0.991151 0.990381
0.975512 0.996114 1.000000 0.982649 0.978908 0.986734 0.978482 0.991255 0.993370 0.951761 0.993892 0.978566 0.974710 0.972477 0.972700 0.989020 0.984610 0.964122 0.968424 0.989894 0.989308 0.960385 0.993817 0.970466 0.976110 0.989687 0.987704 0.992212 0.993985 0.991542 0.996200 0.983325 0.975266 0.992540 0.988962 0.982404 0.983870 0.887708 0.991592 0.973018 0.974861 0.993155 0.988131 0.989435 0.987133 0.978580 0.992353 0.983414 0.982120 0.891886 0.972665 0.985484 0.968795 0.985732 0.981405 0.981775 0.987995 0.968382 0.984449 0.973823 0.989096 0.989756 0.972820 0.990292 0.983892 0.963644 0.954684 0.985830 0.990957 0.960005 0.987767 0.959763 0.986610 0.985814 0.979161 0.973781 0.966510 0.976986 0.981285 0.975447 0.972331 0.967475 0.976109 0.962372 0.985185 0.982837 0.929760 0.991311 0.933495 0.986537 0.991475 0.995208 0.990720 0.981887
0.953352 0.987326 0.982649 1.000000 0.989481 0.970912 0.981382 0.987985 0.974686 0.976631 0.987933 0.977063 0.959740 0.977441 0.994994 0.986870 0.985850 0.986890 0.995697 0.984019 0.979288 0.988739 0.988172 0.993176 0.976451 0.982429 0.995741 0.974315 0.982925 0.980004 0.989684 0.964070 0.982061 0.973138 0.982028 0.996591 0.990305 0.899700 0.984140 0.984436 0.958181 0.993837 0.980070 0.970266 0.987055 0.990380 0.987569 0.978050 0.985132 0.886053 0.971708 0.983100 0.958267 0.982618 0.988007 0.987707 0.982913 0.956809 0.978489 0.949925 0.993800 0.985985 0.994330 0.984745 0.975817 0.982849 0.958110 0.977175 0.966340 0.935805 0.981357 0.979723 0.996799 0.975841 0.983130 0.965749 0.963808 0.981829 0.975075 0.965282 0.991695 0.971082 0.977165 0.982862 0.970293 0.985318 0.968114 0.984321 0.933590 0.988059 0.957635 0.990818 0.989871 0.987705
0.978885 0.985355 0.978908 0.989481 1.000000 0.986214 0.994058 0.986698 0.985223 0.993491 0.989004 0.994163 0.985394 0.990338 0.989387 0.994673 0.995463 0.992925 0.989867 0.989190 0.990850 0.978501 0.991974 0.996748 0.992217 0.993347 0.995643 0.987347 0.981066 0.977041 0.988465 0.972294 0.996166 0.977436 0.988541 0.989563 0.989304 0.903693 0.981698 0.998583 0.975340 0.992853 0.990202 0.986134 0.976505 0.996442 0.983111 0.993024 0.988501 0.894579 0.993465 0.995041 0.975648 0.996266 0.985730 0.996617 0.988682 0.986174 0.991076 0.972990 0.992021 0.993028 0.996907 0.995351 0.992316 0.992753 0.987520 0.992970 0.980936 0.957485 0.962215 0.996158 0.986022 0.990559 0.992690 0.989304 0.988611 0.996709 0.993275 0.984575 0.975643 0.988247 0.992431 0.993923 0.973064 0.988690 0.982524 0.982567 0.954425 0.994505 0.962566 0.986712 0.995099 0.989996
0.996754 0.986029 0.986734 0.970912 0.986214 1.000000 0.980851 0.990161 0.995666 0.966658 0.992983 0.992701 0.989516 0.990180 0.966594 0.991412 0.993311 0.974879 0.962993 0.995151 0.993246 0.944243 0.991749 0.974135 0.992109 0.994191 0.986222 0.995959 0.992377 0.973983 0.990181 0.981040 0.989906 0.994519 0.981378 0.967781 0.971602 0.877444 0.976253 0.985080 0.994864 0.985221 0.998336 0.995535 0.964801 0.979917 0.988590 0.987242 0.972860 0.903445 0.991090 0.996098 0.976654 0.992698 0.967888 0.984141 0.982734 0.990726 0.994829 0.989261 0.978708 0.987746 0.973304 0.993297 0.998305 0.963517 0.978991 0.993229 0.996047 0.972184 0.967772 0.975907 0.975348 0.994480 0.979814 0.994708 0.978432 0.989205 0.997204 0.995457 0.949951 0.990358 0.981279 0.978255 0.973517 0.973478 0.942257 0.978461 0.943130 0.987729 0.989297 0.981103 0.994248 0.986943
0.975778 0.978377 0.978482 0.981382 0.994058 0.980851 1.000000 0.973360 0.984528 0.985029 0.980394 0.988697 0.990886 0.976069 0.976590 0.991834 0.986018 0.977294 0.979917 0.977678 0.989303 0.971579 0.987227 0.986304 0.984657 0.993922 0.988040 0.989814 0.972506 0.976766 0.982446 0.983918 0.986170 0.969900 0.993000 0.986847 0.987907 0.898699 0.979850 0.992348 0.967765 0.991633 0.980998 0.987411 0.977665 0.990606 0.971506 0.997052 0.990157 0.886588 0.986225 0.988366 0.987917 0.995455 0.984997 0.997234 0.996415 0.985687 0.980391 0.967508 0.991590 0.993441 0.990044 0.993095 0.986165 0.991883 0.990116 0.993407 0.980896 0.953394 0.949044 0.988719 0.975260 0.988467 0.988043 0.986520 0.994667 0.993358 0.985607 0.972316 0.969770 0.972272 0.995134 0.981557 0.972139 0.993657 0.974381 0.979899 0.948421 0.993839 0.961233 0.983358 0.989727 0.973259
0.978493 0.995562 0.991255 0.987985 0.986698 0.990161 0.973360 1.000000 0.988771 0.966747 0.997726 0.985780 0.969839 0.989519 0.984610 0.989540 0.993333 0.984358 0.979275 0.998374 0.987876 0.965557 0.993721 0.983586 0.985677 0.986920 0.994109 0.985826 0.996849 0.982108 0.996060 0.967691 0.987638 0.993956 0.979325 0.981726 0.980752 0.888658 0.984712 0.983002 0.982843 0.990105 0.995522 0.984245 0.977075 0.984158 0.998376 0.978593 0.976363 0.893969 0.982598 0.992402 0.957448 0.986297 0.977023 0.981470 0.977453 0.971664 0.993763 0.976777 0.985041 0.986399 0.981868 0.990209 0.990189 0.966957 0.959288 0.983968 0.985671 0.958568 0.990328 0.973128 0.992515 0.985727 0.981791 0.979538 0.962937 0.982561 0.989404 0.987848 0.972370 0.987330 0.973606 0.980654 0.977098 0.974364 0.946927 0.985600 0.937877 0.986778 0.982992 0.991514 0.994501 0.996833
0.991161 0.991215 0.993370 0.974686 0.985223 0.995666 0.984528 0.988771 1.000000 0.964746 0.994069 0.991409 0.989850 0.983008 0.969637 0.993878 0.992006 0.968426 0.962980 0.993225 0.995692 0.951609 0.995737 0.972761 0.988995 0.996175 0.986835 0.998495 0.991295 0.984259 0.994793 0.982403 0.987614 0.993483 0.989836 0.975049 0.981422 0.900042 0.987701 0.983405 0.986180 0.991798 0.993629 0.998596 0.978164 0.982519 0.988069 0.991400 0.983015 0.892780 0.988599 0.993348 0.975564 0.994510 0.978400 0.987925 0.989976 0.988034 0.993565 0.985121 0.986391 0.992765 0.973515 0.995918 0.993326 0.968242 0.973902 0.995619 0.998285 0.979371 0.971126 0.972808 0.977142 0.997157 0.984560 0.989483 0.981031 0.987737 0.993085 0.990044 0.960130 0.979275 0.984399 0.971178 0.981954 0.984108 0.939122 0.989325 0.955253 0.987974 0.992966 0.987672 0.993332 0.984066
0.960610 0.965441 0.951761 0.976631 0.993491 0.966658 0.985029 0.966747 0.964746 1.000000 0.968237 0.983988 0.974011 0.978656 0.985075 0.981368 0.984755 0.990571 0.985481 0.970769 0.977307 0.976664 0.975445 0.994037 0.980123 0.976984 0.981572 0.967177 0.955028 0.958353 0.968244 0.944866 0.989420 0.949760 0.974652 0.979548 0.979669 0.904090 0.965645 0.994526 0.952979 0.977110 0.972642 0.966964 0.959821 0.991622 0.959506 0.983008 0.980336 0.877125 0.987326 0.981416 0.957070 0.985234 0.976833 0.987896 0.971728 0.977514 0.977516 0.957660 0.978032 0.980816 0.991638 0.982455 0.977895 0.994207 0.984575 0.980408 0.959271 0.941615 0.932607 0.998406 0.970235 0.976850 0.987902 0.977279 0.985043 0.987101 0.981232 0.972187 0.965332 0.978589 0.987242 0.992024 0.957215 0.977720 0.995177 0.966438 0.955811 0.978183 0.930433 0.968241 0.978376 0.977131
0.982963 0.994623 0.993892 0.987933 0.989004 0.992983 0.980394 0.997726 0.994069 0.968237 1.000000 0.990222 0.977530 0.990407 0.981468 0.994350 0.994836 0.980356 0.976938 0.998439 0.990415 0.964459 0.997183 0.983016 0.990957 0.993688 0.994844 0.991940 0.997852 0.983240 0.998841 0.976109 0.990447 0.996289 0.985233 0.982590 0.984448 0.894041 0.986840 0.985335 0.985418 0.994240 0.995957 0.991296 0.981070 0.986199 0.998435 0.983517 0.981096 0.900626 0.985666 0.994935 0.966767 0.990792 0.980560 0.987685 0.985727 0.977723 0.994999 0.974516 0.990279 0.988808 0.983288 0.993126 0.992268 0.969600 0.966430 0.990113 0.989496 0.970481 0.986323 0.976067 0.990073 0.992243 0.982929 0.984513 0.969206 0.988895 0.991966 0.988128 0.973603 0.985893 0.977384 0.978530 0.976959 0.982529 0.946626 0.989210 0.949404 0.991349 0.987544 0.991212 0.997571 0.995071
0.991033 0.981699 0.978566 0.977063 0.994163 0.992701 0.988697 0.985780 0.991409 0.983988 0.990222 1.000000 0.991112 0.994874 0.976435 0.993646 0.995256 0.985405 0.972117 0.992592 0.991501 0.958149 0.990575 0.985734 0.998141 0.994028 0.990724 0.991826 0.984312 0.969338 0.987999 0.972177 0.998042 0.985355 0.982536 0.975241 0.980067 0.898565 0.975402 0.996238 0.988533 0.988329 0.992741 0.992665 0.966477 0.987682 0.983628 0.991236 0.980078 0.875847 0.998509 0.998207 0.974127 0.997034 0.974762 0.993359 0.986993 0.994899 0.996655 0.978262 0.982973 0.989094 0.985299 0.994286 0.996029 0.979485 0.988968 0.995613 0.987690 0.974021 0.958330 0.990040 0.973985 0.995676 0.984623 0.997323 0.986362 0.996250 0.997145 0.993268 0.958524 0.992350 0.985362 0.987539 0.966227 0.982988 0.964323 0.978024 0.962703 0.991769 0.974369 0.979059 0.994579 0.988464
0.991451 0.973734 0.974710 0.959740 0.985394 0.989516 0.990886 0.969839 0.989850 0.974011 0.977530 0.991112 1.000000 0.976070 0.958520 0.989592 0.985843 0.966173 0.956808 0.978826 0.992424 0.945898 0.984611 0.970784 0.985407 0.992335 0.975712 0.994127 0.971722 0.971097 0.978037 0.979835 0.984964 0.975260 0.987261 0.966334 0.974874 0.876349 0.973013 0.986080 0.979158 0.981133 0.985007 0.994174 0.963266 0.981086 0.967198 0.994944 0.980378 0.888708 0.991544 0.989493 0.982745 0.994355 0.971917 0.989078 0.987426 0.996868 0.985166 0.983072 0.977031 0.988672 0.971136 0.991919 0.992093 0.975487 0.990876 0.996533 0.990085 0.971895 0.939034 0.980831 0.959434 0.993424 0.982843 0.994199 0.994368 0.988431 0.991593 0.984446 0.945544 0.977259 0.990788 0.971427 0.972559 0.982303 0.954369 0.974455 0.956425 0.983902 0.973299 0.973562 0.985206 0.969874
0.985973 0.977791 0.972477 0.977441 0.990338 0.990180 0.976069 0.989519 0.983008 0.978656 0.990407 0.994874 0.976070 1.000000 0.975635 0.985962 0.992534 0.988967 0.972382 0.994079 0.981421 0.951329 0.984761 0.984883 0.997347 0.986542 0.990945 0.982139 0.986496 0.957338 0.984619 0.962795 0.996218 0.986179 0.968044 0.968324 0.968699 0.892194 0.964239 0.991824 0.990769 0.981102 0.992834 0.982846 0.954213 0.980571 0.987330 0.977763 0.965315 0.878677 0.992726 0.995367 0.963880 0.988139 0.962067 0.983423 0.974491 0.984648 0.994739 0.971753 0.975245 0.978515 0.983891 0.986118 0.992695 0.968330 0.979419 0.984594 0.979191 0.961930 0.963478 0.985166 0.975484 0.986661 0.974534 0.991861 0.970233 0.992385 0.994005 0.992343 0.952460 0.997269 0.971848 0.990374 0.952581 0.967983 0.959139 0.967534 0.945576 0.988248 0.968424 0.972653 0.992659 0.992482
0.949849 0.984771 0.972700 0.994994 0.989387 0.966594 0.976590 0.984610 0.969637 0.985075 0.981468 0.976435 0.958520 0.975635 1.000000 0.984690 0.987537 0.992277 0.996705 0.981263 0.980349 0.993001 0.985234 0.995942 0.972409 0.975640 0.990769 0.967491 0.973819 0.978681 0.984159 0.945426 0.984006 0.963597 0.978906 0.994483 0.990267 0.901212 0.983796 0.986369 0.950703 0.988421 0.977689 0.964488 0.983284 0.993846 0.980085 0.977213 0.986621 0.878914 0.975735 0.981092 0.943041 0.981302 0.989331 0.985153 0.972952 0.958039 0.979568 0.954515 0.987693 0.985611 0.992298 0.983943 0.974548 0.986928 0.957053 0.975682 0.961803 0.935755 0.972619 0.985116 0.993866 0.974346 0.989413 0.963441 0.965825 0.977134 0.975390 0.969224 0.990166 0.973436 0.979941 0.986429 0.973859 0.981205 0.978282 0.983433 0.944422 0.978343 0.947696 0.987244 0.983958 0.989036
0.983076 0.990904 0.989020 0.986870 0.994673 0.991412 0.991834 0.989540 0.993878 0.981368 0.994350 0.993646 0.989592 0.985962 0.984690 1.000000 0.997447 0.983001 0.981943 0.992806 0.996657 0.975118 0.998482 0.988814 0.990518 0.997270 0.992549 0.994474 0.989005 0.987100 0.995753 0.977146 0.993478 0.986538 0.994622 0.988215 0.992758 0.887769 0.990134 0.991951 0.978621 0.996671 0.993679 0.993609 0.986882 0.995553 0.989333 0.993591 0.993037 0.907634 0.991455 0.996305 0.972990 0.997080 0.990916 0.997002 0.991906 0.986082 0.993512 0.975718 0.994468 0.995346 0.987771 0.997624 0.994411 0.983820 0.979280 0.997866 0.988768 0.974209 0.972144 0.987945 0.987621 0.997262 0.992779 0.988763 0.984655 0.993117 0.994197 0.987266 0.979154 0.984329 0.991155 0.981687 0.983949 0.993547 0.964211 0.992582 0.964588 0.991666 0.980074 0.990937 0.997108 0.991029
0.985323 0.990519 0.984610 0.985850 0.995463 0.993311 0.986018 0.993333 0.992006 0.984755 0.994836 0.995256 0.985843 0.992534 0.987537 0.997447 1.000000 0.989774 0.982878 0.996386 0.995601 0.971831 0.996808 0.991112 0.993052 0.994000 0.993492 0.990828 0.989753 0.981518 0.994307 0.968398 0.997356 0.987298 0.987577 0.984221 0.987364 0.892352 0.985946 0.994177 0.983007 0.992841 0.996851 0.990555 0.978868 0.994808 0.990725 0.990134 0.987048 0.904006 0.994952 0.997921 0.966044 0.995859 0.985030 0.993110 0.984236 0.987052 0.997360 0.980844 0.989065 0.993086 0.987849 0.996686 0.996466 0.981261 0.978891 0.995044 0.987897 0.971848 0.972470 0.990354 0.987977 0.995902 0.992553 0.990411 0.981508 0.992802 0.997158 0.994083 0.973595 0.992382 0.988471 0.988737 0.980178 0.985057 0.966902 0.988336 0.961993 0.988952 0.977614 0.987987 0.996727 0.996251
0.964482 0.976514 0.964122 0.986890 0.992925 0.974879 0.977294 0.984358 0.968426 0.990571 0.980356 0.985405 0.966173 0.988967 0.992277 0.983001 0.989774 1.000000 0.991607 0.984615 0.979058 0.978143 0.980116 0.996889 0.983106 0.976666 0.990964 0.969011 0.974301 0.962485 0.978038 0.948175 0.991155 0.966890 0.969440 0.982774 0.977781 0.883821 0.967584 0.993432 0.967975 0.980997 0.983845 0.966536 0.962856 0.989677 0.978800 0.977165 0.974241 0.872453 0.985734 0.988204 0.951599 0.983966 0.974036 0.984475 0.969490 0.971237 0.985035 0.962355 0.977543 0.980961 0.992831 0.983245 0.983806 0.983814 0.973306 0.977540 0.963318 0.934907 0.961746 0.992133 0.984726 0.975483 0.982868 0.978173 0.970356 0.984307 0.984206 0.979683 0.970897 0.989942 0.978075 0.996782 0.959134 0.971189 0.983244 0.968068 0.937700 0.982479 0.945300 0.976933 0.986588 0.990719
0.945372 0.978476 0.968424 0.995697 0.989867 0.962993 0.979917 0.979275 0.962980 0.985481 0.976938 0.972117 0.956808 0.972382 0.996705 0.981943 0.982878 0.991607 1.000000 0.975216 0.975285 0.993571 0.980579 0.996804 0.969584 0.974926 0.990014 0.964642 0.969716 0.973133 0.978805 0.952084 0.979736 0.957809 0.977344 0.995004 0.987083 0.887461 0.976540 0.985292 0.947150 0.986139 0.974195 0.959911 0.979287 0.992202 0.975690 0.975747 0.983306 0.889840 0.970330 0.978076 0.952040 0.978692 0.986051 0.984977 0.974089 0.954184 0.971881 0.947223 0.987683 0.982485 0.995461 0.980355 0.972058 0.988697 0.960923 0.972326 0.955557 0.921580 0.966494 0.985798 0.992822 0.968629 0.984965 0.961576 0.966127 0.978163 0.971602 0.960640 0.989169 0.970439 0.979917 0.987297 0.966782 0.980008 0.983640 0.975912 0.929178 0.981187 0.938688 0.983887 0.982997 0.983246
0.987049 0.993053 0.989894 0.984019 0.989190 0.995151 0.977678 0.998374 0.993225 0.970769 0.998439 0.992592 0.978826 0.994079 0.981263 0.992806 0.996386 0.984615 0.975216 1.000000 0.991360 0.960384 0.995088 0.983383 0.992372 0.991355 0.993763 0.990674 0.996897 0.979057 0.996169 0.970904 0.992955 0.995976 0.980828 0.978220 0.980015 0.889971 0.982857 0.987520 0.989808 0.990503 0.998179 0.990223 0.974041 0.985297 0.997067 0.983192 0.977230 0.892405 0.989832 0.996806 0.963379 0.991185 0.975836 0.985612 0.981036 0.981717 0.997902 0.980923 0.984435 0.988129 0.981549 0.993108 0.995097 0.968241 0.969116 0.989826 0.990130 0.969316 0.983188 0.978206 0.987337 0.992067 0.982895 0.988108 0.970110 0.988144 0.994842 0.993988 0.966656 0.992041 0.977230 0.982917 0.975202 0.976849 0.948617 0.984909 0.948331 0.988924 0.986256 0.988189 0.996672 0.996777
0.986956 0.991848 0.989308 0.979288 0.990850 0.993246 0.989303 0.987876 0.995692 0.977307 0.990415 0.991501 0.992424 0.981421 0.980349 0.996657 0.995601 0.979058 0.975285 0.991360 1.000000 0.967301 0.996238 0.982727 0.985615 0.994690 0.988090 0.995756 0.986484 0.988930 0.992657 0.976924 0.989933 0.985407 0.993931 0.983420 0.988054 0.888933 0.990814 0.989216 0.979509 0.993027 0.993998 0.994316 0.982960 0.991880 0.984570 0.996110 0.990960 0.898334 0.991571 0.994473 0.973021 0.997045 0.987084 0.992351 0.989101 0.988870 0.992984 0.988074 0.988449 0.997876 0.980331 0.998689 0.995059 0.980441 0.978535 0.997435 0.994297 0.970443 0.968404 0.983033 0.982962 0.996350 0.993986 0.989138 0.988028 0.987597 0.994197 0.990309 0.969452 0.982311 0.993892 0.979668 0.989810 0.987942 0.958270 0.991240 0.956923 0.986781 0.983342 0.990954 0.993243 0.986494
0.924241 0.972301 0.960385 0.988739 0.978501 0.944243 0.971579 0.965557 0.951609 0.976664 0.964459 0.958149 0.945898 0.951329 0.993001 0.975118 0.971831 0.978143 0.993571 0.960384 0.967301 1.000000 0.973486 0.988288 0.951260 0.962658 0.976988 0.952508 0.954201 0.976065 0.970733 0.934050 0.965725 0.941054 0.976383 0.994174 0.990588 0.877285 0.978399 0.972514 0.920911 0.980217 0.957360 0.948187 0.985160 0.988464 0.962736 0.967491 0.986784 0.877833 0.956859 0.963630 0.930667 0.967909 0.991401 0.978475 0.965893 0.938361 0.958948 0.929772 0.984020 0.975518 0.985550 0.971035 0.955908 0.986617 0.942426 0.963959 0.941362 0.917946 0.959122 0.975224 0.986125 0.958841 0.982415 0.942412 0.956851 0.962531 0.955932 0.942943 0.995934 0.949672 0.973207 0.968223 0.969458 0.981736 0.977429 0.977456 0.938320 0.966402 0.925717 0.980289 0.969349 0.971805
0.981757 0.995884 0.993817 0.988172 0.991974 0.991749 0.987227 0.993721 0.995737 0.975445 0.997183 0.990575 0.984611 0.984761 0.985234 0.998482 0.996808 0.980116 0.980579 0.995088 0.996238 0.973486 1.000000 0.986005 0.988201 0.996148 0.993156 0.994376 0.992596 0.991178 0.998821 0.976345 0.991020 0.990435 0.994231 0.988374 0.992440 0.896864 0.994194 0.987937 0.978069 0.997336 0.994487 0.993675 0.989259 0.993315 0.993184 0.990982 0.991831 0.909109 0.988128 0.994545 0.968984 0.994808 0.990661 0.993059 0.989866 0.981511 0.994044 0.977915 0.995024 0.995201 0.985201 0.997401 0.992738 0.979313 0.971112 0.995363 0.991213 0.974304 0.980167 0.981716 0.990757 0.996041 0.992395 0.984564 0.979362 0.989768 0.992789 0.987339 0.980191 0.981968 0.987938 0.978443 0.987594 0.990980 0.956151 0.996021 0.960618 0.990147 0.985192 0.994530 0.996667 0.992731
0.962152 0.980876 0.970466 0.993176 0.996748 0.974135 0.986304 0.983586 0.972761 0.994037 0.983016 0.985734 0.970784 0.984883 0.995942 0.988814 0.991112 0.996889 0.996804 0.983383 0.982727 0.988288 0.986005 1.000000 0.983327 0.983129 0.993658 0.974121 0.974517 0.972626 0.983130 0.956530 0.991349 0.966619 0.981026 0.992201 0.988704 0.896217 0.977639 0.994903 0.961853 0.988829 0.982608 0.971788 0.976105 0.996150 0.979553 0.983669 0.985823 0.887127 0.985135 0.988151 0.959488 0.988004 0.985974 0.991773 0.979301 0.971736 0.983865 0.959095 0.988814 0.986878 0.998227 0.987726 0.983055 0.992705 0.975812 0.982896 0.966042 0.941555 0.963160 0.995017 0.989356 0.980127 0.989757 0.976941 0.977336 0.988723 0.983983 0.975135 0.983093 0.983359 0.985660 0.994122 0.967624 0.984021 0.988139 0.978251 0.947836 0.987348 0.947505 0.983731 0.989316 0.989620
0.989846 0.977947 0.976110 0.976451 0.992217 0.992109 0.984657 0.985677 0.988995 0.980123 0.990957 0.998141 0.985407 0.997347 0.972409 0.990518 0.993052 0.983106 0.969584 0.992372 0.985615 0.951260 0.988201 0.983327 1.000000 0.993171 0.990597 0.989109 0.985417 0.961689 0.986811 0.972326 0.997265 0.986588 0.976562 0.970511 0.973939 0.901330 0.969066 0.993632 0.990536 0.985702 0.991974 0.990443 0.960290 0.983056 0.984873 0.985242 0.972605 0.882438 0.995260 0.996595 0.974522 0.993337 0.967673 0.989828 0.984102 0.991160 0.994750 0.972189 0.981046 0.983280 0.984432 0.990191 0.993947 0.973080 0.986719 0.991401 0.984558 0.972402 0.957843 0.987216 0.972363 0.993075 0.977967 0.995841 0.979674 0.997243 0.995608 0.991375 0.953933 0.992604 0.978624 0.986873 0.956559 0.977651 0.959259 0.972874 0.956545 0.992056 0.972939 0.974148 0.994350 0.988155
0.988533 0.987790 0.989687 0.982429 0.993347 0.994191 0.993922 0.986920 0.996175 0.976984 0.993688 0.994028 0.992335 0.986542 0.975640 0.997270 0.994000 0.976666 0.974926 0.991355 0.994690 0.962658 0.996148 0.983129 0.993171 1.000000 0.991859 0.997897 0.988971 0.981566 0.993776 0.987548 0.991870 0.988683 0.993047 0.982576 0.986133 0.897685 0.985154 0.990758 0.984066 0.995066 0.993357 0.997132 0.979857 0.989536 0.987014 0.994811 0.987262 0.906284 0.990681 0.995687 0.985353 0.997586 0.983008 0.995475 0.995410 0.989584 0.991621 0.977849 0.992821 0.994162 0.985466 0.997115 0.994743 0.979798 0.984745 0.997701 0.992841 0.972915 0.966171 0.984315 0.981267 0.997278 0.987533 0.992406 0.987482 0.996074 0.994493 0.986366 0.968071 0.982442 0.990356 0.980302 0.977395 0.990565 0.957663 0.987351 0.954965 0.995278 0.982787 0.987447 0.997133 0.985143
0.975248 0.990996 0.987704 0.995741 0.995643 0.986222 0.988040 0.994109 0.986835 0.981572 0.994844 0.990724 0.975712 0.990945 0.990769 0.992549 0.993492 0.990964 0.990014 0.993763 0.988090 0.976988 0.993156 0.993658 0.990597 0.991859 1.000000 0.986837 0.990720 0.979147 0.994041 0.975579 0.992484 0.985713 0.984970 0.991441 0.987753 0.906697 0.983819 0.993331 0.978795 0.995862 0.991375 0.984308 0.980520 0.991248 0.992590 0.987404 0.984126 0.883077 0.986383 0.994240 0.972495 0.992694 0.983468 0.992636 0.989248 0.976482 0.990841 0.968668 0.993017 0.991601 0.995192 0.993168 0.989359 0.983600 0.974928 0.987814 0.981599 0.951548 0.979451 0.985953 0.992675 0.987102 0.986050 0.983934 0.976240 0.992372 0.988963 0.981929 0.979371 0.985509 0.983436 0.990579 0.971470 0.985706 0.967851 0.984284 0.940798 0.996161 0.971194 0.991474 0.997282 0.992767
0.992524 0.988697 0.992212 0.974315 0.987347 0.995959 0.989814 0.985826 0.998495 0.967177 0.991940 0.991826 0.994127 0.982139 0.967491 0.994474 0.990828 0.969011 0.964642 0.990674 0.995756 0.952508 0.994376 0.974121 0.989109 0.997897 0.986837 1.000000 0.989268 0.983216 0.992350 0.989142 0.986760 0.991382 0.991885 0.976117 0.981515 0.889256 0.984953 0.985112 0.986495 0.991576 0.993222 0.999184 0.976751 0.983247 0.985430 0.994235 0.983630 0.897512 0.988811 0.993903 0.984135 0.995898 0.978259 0.990344 0.993282 0.990560 0.991223 0.984832 0.987187 0.993390 0.976111 0.996359 0.994785 0.972106 0.980602 0.997167 0.997671 0.974417 0.966460 0.975414 0.975771 0.996444 0.984233 0.992156 0.986012 0.990197 0.993546 0.987433 0.959217 0.979518 0.987698 0.972480 0.980671 0.986085 0.944465 0.986182 0.950024 0.991504 0.989760 0.987161 0.994096 0.980945
0.981451 0.991630 0.993985 0.982925 0.981066 0.992377 0.972506 0.996849 0.991295 0.955028 0.997852 0.984312 0.971722 0.986496 0.973819 0.989005 0.989753 0.974301 0.969716 0.996897 0.986484 0.954201 0.992596 0.974517 0.985417 0.988971 0.990720 0.989268 1.000000 0.978503 0.995968 0.977058 0.983342 0.997972 0.977880 0.975454 0.975248 0.874017 0.980453 0.977320 0.987933 0.989319 0.994952 0.987109 0.975393 0.977367 0.998740 0.976782 0.971674 0.896015 0.978194 0.991596 0.964037 0.984925 0.971531 0.980136 0.980866 0.971061 0.990558 0.972931 0.982863 0.983681 0.974524 0.987717 0.989617 0.956691 0.957849 0.984111 0.987852 0.961725 0.989756 0.965397 0.987373 0.986655 0.973313 0.980630 0.959117 0.981387 0.987206 0.985116 0.965701 0.982877 0.968967 0.972274 0.972241 0.973494 0.931340 0.982704 0.932077 0.987056 0.991008 0.987528 0.994792 0.991082
0.960473 0.994702 0.991542 0.980004 0.977041 0.973983 0.976766 0.982108 0.984259 0.958353 0.983240 0.969338 0.971097 0.957338 0.978681 0.987100 0.981518 0.962485 0.973133 0.979057 0.988930 0.976065 0.991178 0.972626 0.961689 0.981566 0.979147 0.983216 0.978503 1.000000 0.989680 0.965853 0.968785 0.975096 0.993973 0.987815 0.992263 0.883323 0.998350 0.969293 0.950828 0.989700 0.978422 0.980711 0.994555 0.985000 0.980033 0.983089 0.992253 0.900813 0.968021 0.976336 0.952656 0.981272 0.992917 0.980070 0.980296 0.961019 0.976985 0.970272 0.989415 0.990268 0.971459 0.988208 0.975657 0.973723 0.947184 0.983071 0.981519 0.955484 0.978420 0.961878 0.986465 0.980497 0.989190 0.961042 0.969135 0.967708 0.974290 0.966568 0.982899 0.956609 0.982114 0.956487 0.997569 0.986613 0.942707 0.996649 0.945580 0.974773 0.975729 0.996517 0.980905 0.977161
0.978745 0.996823 0.996200 0.989684 0.988465 0.990181 0.982446 0.996060 0.994793 0.968244 0.998841 0.987999 0.978037 0.984619 0.984159 0.995753 0.994307 0.978038 0.978805 0.996169 0.992657 0.970733 0.998821 0.983130 0.986811 0.993776 0.994041 0.992350 0.995968 0.989680 1.000000 0.975903 0.988216 0.993422 0.990201 0.987265 0.989853 0.897438 0.992910 0.984163 0.978923 0.997014 0.993507 0.991260 0.988779 0.988876 0.996709 0.986102 0.987425 0.900223 0.983596 0.992930 0.965464 0.991396 0.987301 0.989530 0.988345 0.975496 0.992933 0.973479 0.993703 0.992172 0.983160 0.994463 0.989824 0.973094 0.963650 0.991160 0.989597 0.970701 0.987162 0.975368 0.992048 0.992753 0.986874 0.980838 0.971237 0.986604 0.989383 0.984758 0.980076 0.979909 0.980964 0.975451 0.983822 0.987729 0.947481 0.994700 0.953372 0.989849 0.987630 0.994826 0.996368 0.993064
0.976442 0.970920 0.983325 0.964070 0.972294 0.981040 0.983918 0.967691 0.982403 0.944866 0.976109 0.972177 0.979835 0.962795 0.945426 0.977146 0.968398 0.948175 0.952084 0.970904 0.976924 0.934050 0.976345 0.956530 0.972326 0.987548 0.975579 0.989142 0.977058 0.965853 0.975903 1.000000 0.964137 0.977546 0.979136 0.964804 0.962974 0.868273 0.964835 0.967618 0.974190 0.979615 0.976136 0.984613 0.961860 0.962853 0.970185 0.981902 0.965018 0.889350 0.964439 0.976773 0.995064 0.980681 0.958967 0.977080 0.990193 0.971430 0.966372 0.963714 0.976797 0.979192 0.965210 0.979898 0.977818 0.956813 0.971447 0.979905 0.983107 0.939436 0.952314 0.955037 0.961873 0.976170 0.960793 0.977263 0.973235 0.978424 0.973257 0.960109 0.942754 0.956819 0.973655 0.956553 0.958717 0.973163 0.926011 0.964591 0.903900 0.987686 0.975335 0.973892 0.982159 0.955840
0.985028 0.981893 0.975266 0.982061 0.996166 0.989906 0.986170 0.987638 0.987614 0.989420 0.990447 0.998042 0.984964 0.996218 0.984006 0.993478 0.997356 0.991155 0.979736 0.992955 0.989933 0.965725 0.991020 0.991349 0.997265 0.991870 0.992484 0.986760 0.983342 0.968785 0.988216 0.964137 1.000000 0.981878 0.980727 0.978692 0.981682 0.903983 0.976133 0.997512 0.983715 0.988530 0.992612 0.987608 0.968022 0.991587 0.984581 0.988243 0.981007 0.886070 0.997599 0.997199 0.967150 0.995192 0.977393 0.992907 0.982617 0.990011 0.996221 0.974776 0.984486 0.988312 0.989364 0.993224 0.994256 0.982106 0.985668 0.992729 0.982572 0.970143 0.960153 0.994156 0.979524 0.993830 0.987638 0.993234 0.982953 0.996115 0.996345 0.993010 0.964907 0.993942 0.985390 0.992579 0.966111 0.981689 0.972035 0.979155 0.963829 0.989485 0.968103 0.979102 0.994344 0.992808
0.987888 0.989296 0.992540 0.973138 0.977436 0.994519 0.969900 0.993956 0.993483 0.949760 0.996289 0.985355 0.975260 0.986179 0.963597 0.986538 0.987298 0.966890 0.957809 0.995976 0.985407 0.941054 0.990435 0.966619 0.986588 0.988683 0.985713 0.991382 0.997972 0.975096 0.993422 0.977546 0.981878 1.000000 0.975736 0.966236 0.969650 0.875482 0.977001 0.974377 0.991604 0.984673 0.994328 0.990968 0.967736 0.971375 0.995587 0.975971 0.966687 0.891478 0.979893 0.990741 0.964833 0.984137 0.964588 0.976399 0.978687 0.976114 0.991734 0.977519 0.977610 0.980461 0.967379 0.986675 0.990382 0.950808 0.959320 0.984877 0.991797 0.970151 0.983332 0.960585 0.978002 0.987797 0.969595 0.983583 0.960117 0.980644 0.988732 0.987617 0.953614 0.982576 0.965899 0.966138 0.969584 0.969461 0.922244 0.979457 0.935600 0.985050 0.994733 0.983189 0.992097 0.987334
0.972564 0.989843 0.988962 0.982028 0.988541 0.981378 0.993000 0.979325 0.989836 0.974652 0.985233 0.982536 0.987261 0.968044 0.978906 0.994622 0.987577 0.969440 0.977344 0.980828 0.993931 0.976383 0.994231 0.981026 0.976562 0.993047 0.984970 0.991885 0.977880 0.993973 0.990201 0.979136 0.980727 0.975736 1.000000 0.990052 0.995218 0.895106 0.994788 0.983226 0.961137 0.994705 0.982709 0.990213 0.991804 0.992105 0.977929 0.994855 0.997283 0.905525 0.980977 0.985337 0.974406 0.992585 0.994656 0.993184 0.993052 0.978460 0.982052 0.972510 0.995488 0.995921 0.982385 0.995004 0.984449 0.986354 0.972622 0.994006 0.986337 0.964890 0.964490 0.978625 0.982629 0.990613 0.993738 0.977375 0.987377 0.984642 0.984017 0.972900 0.980107 0.965654 0.993819 0.968940 0.991036 0.996349 0.960293 0.994628 0.957697 0.986754 0.973875 0.993125 0.988366 0.977388
0.951534 0.987876 0.982404 0.996591 0.989563 0.967781 0.986847 0.981726 0.975049 0.979548 0.982590 0.975241 0.966334 0.968324 0.994483 0.988215 0.984221 0.982774 0.995004 0.978220 0.983420 0.994174 0.988374 0.992201 0.970511 0.982576 0.991441 0.976117 0.975454 0.987815 0.987265 0.964804 0.978692 0.966236 0.990052 1.000000 0.996401 0.898953 0.990166 0.984098 0.949222 0.994521 0.976074 0.971885 0.992949 0.993817 0.979795 0.984601 0.993788 0.885778 0.971891 0.980351 0.960150 0.984754 0.995555 0.990361 0.986057 0.959556 0.975445 0.953645 0.995852 0.990782 0.992983 0.987396 0.974391 0.990596 0.960842 0.980767 0.967859 0.936842 0.973784 0.980793 0.993885 0.976862 0.989951 0.964162 0.973236 0.979466 0.973552 0.961666 0.994527 0.963961 0.985582 0.978361 0.980510 0.991944 0.973332 0.988897 0.940576 0.985708 0.954835 0.993724 0.986328 0.981601
0.958756 0.989464 0.983870 0.990305 0.989304 0.971602 0.987907 0.980752 0.981422 0.979669 0.984448 0.980067 0.974874 0.968699 0.990267 0.992758 0.987364 0.977781 0.987083 0.980015 0.988054 0.990588 0.992440 0.988704 0.973939 0.986133 0.987753 0.981515 0.975248 0.992263 0.989853 0.962974 0.981682 0.969650 0.995218 0.996401 1.000000 0.899270 0.994889 0.984324 0.951233 0.995063 0.977729 0.979921 0.995409 0.995506 0.979486 0.987852 0.998591 0.890981 0.978008 0.982771 0.957487 0.988061 0.999138 0.992794 0.987241 0.967880 0.980839 0.958567 0.996551 0.992039 0.988385 0.990646 0.977883 0.990374 0.963327 0.987724 0.973910 0.958254 0.970309 0.981637 0.988847 0.984720 0.993802 0.968703 0.978024 0.981324 0.978458 0.967656 0.992749 0.965106 0.987803 0.972183 0.986608 0.996894 0.969224 0.995052 0.963166 0.983750 0.962227 0.993502 0.986470 0.982741
0.872977 0.898077 0.887708 0.899700 0.903693 0.877444 0.898699 0.888658 0.900042 0.904090 0.894041 0.898565 0.876349 0.892194 0.901212 0.887769 0.892352 0.883821 0.887461 0.889971 0.888933 0.877285 0.896864 0.896217 0.901330 0.897685 0.906697 0.889256 0.874017 0.883323 0.897438 0.868273 0.903983 0.875482 0.895106 0.898953 0.899270 1.000000 0.904214 0.905458 0.863417 0.905402 0.878137 0.894517 0.886410 0.895769 0.878064 0.903239 0.898729 0.739024 0.898275 0.887043 0.880538 0.902769 0.892660 0.898420 0.901814 0.888630 0.896183 0.876501 0.907293 0.904401 0.905764 0.903006 0.876508 0.907503 0.886676 0.890826 0.893665 0.876159 0.858107 0.894500 0.882346 0.896581 0.905497 0.882192 0.902260 0.905362 0.888229 0.884003 0.877724 0.868058 0.898684 0.899377 0.873851 0.898604 0.885192 0.901189 0.883196 0.899400 0.864207 0.895229 0.890135 0.885418
0.963169 0.995634 0.991592 0.984140 0.981698 0.976253 0.979850 0.984712 0.987701 0.965645 0.986840 0.975402 0.973013 0.964239 0.983796 0.990134 0.985946 0.967584 0.976540 0.982857 0.990814 0.978399 0.994194 0.977639 0.969066 0.985154 0.983819 0.984953 0.980453 0.998350 0.992910 0.964835 0.976133 0.977001 0.994788 0.990166 0.994889 0.904214 1.000000 0.975540 0.954557 0.993410 0.980650 0.983559 0.995739 0.988841 0.982453 0.985929 0.994795 0.895666 0.973968 0.980251 0.954188 0.985476 0.995046 0.984697 0.983588 0.965683 0.981829 0.970206 0.992839 0.992858 0.976656 0.991185 0.977843 0.977943 0.952547 0.986131 0.983256 0.962536 0.977909 0.968618 0.988019 0.985358 0.992403 0.965498 0.972694 0.973987 0.978058 0.971528 0.985075 0.960981 0.984640 0.963325 0.995231 0.990027 0.948700 0.999197 0.955800 0.978082 0.976309 0.996500 0.984287 0.981506
0.980246 0.979930 0.973018 0.984436 0.998583 0.985080 0.992348 0.983002 0.983405 0.994526 0.985335 0.996238 0.986080 0.991824 0.986369 0.991951 0.994177 0.993432 0.985292 0.987520 0.989216 0.972514 0.987937 0.994903 0.993632 0.990758 0.993331 0.985112 0.977320 0.969293 0.984163 0.967618 0.997512 0.974377 0.983226 0.984098 0.984324 0.905458 0.975540 1.000000 0.977419 0.989135 0.988264 0.984315 0.969090 0.993483 0.978651 0.992223 0.984199 0.876199 0.995940 0.995056 0.973583 0.996093 0.980053 0.995489 0.986360 0.989184 0.991252 0.972596 0.986185 0.990845 0.994351 0.993406 0.991740 0.990836 0.990618 0.991904 0.979051 0.957058 0.954562 0.997195 0.979337 0.989860 0.989512 0.991842 0.989272 0.996206 0.993008 0.986300 0.967638 0.989754 0.990534 0.995579 0.966096 0.984963 0.982488 0.976628 0.955743 0.992165 0.959082 0.980574 0.992739 0.987488
0.994813 0.971458 0.974861 0.958181 0.975340 0.994864 0.967765 0.982843 0.986180 0.952979 0.985418 0.988533 0.979158 0.990769 0.950703 0.978621 0.983007 0.967975 0.947150 0.989808 0.979509 0.920911 0.978069 0.961853 0.990536 0.984066 0.978795 0.986495 0.987933 0.950828 0.978923 0.974190 0.983715 0.991604 0.961137 0.949222 0.951233 0.863417 0.954557 0.977419 1.000000 0.971926 0.991769 0.986163 0.941955 0.962558 0.982608 0.973450 0.950766 0.872673 0.984574 0.990720 0.970547 0.982703 0.944596 0.972123 0.971891 0.985042 0.988738 0.978796 0.961565 0.972623 0.962048 0.980620 0.991863 0.944869 0.973671 0.981514 0.986705 0.961352 0.958522 0.964735 0.960203 0.984018 0.959103 0.992706 0.963812 0.982465 0.990031 0.990937 0.927311 0.989468 0.962804 0.972881 0.948196 0.955538 0.925360 0.957738 0.924722 0.981759 0.982890 0.964328 0.987119 0.978680
0.973566 0.993563 0.993155 0.993837 0.992853 0.985221 0.991633 0.990105 0.991798 0.977110 0.994240 0.988329 0.981133 0.981102 0.988421 0.996671 0.992841 0.980997 0.986139 0.990503 0.993027 0.980217 0.997336 0.988829 0.985702 0.995066 0.995862 0.991576 0.989319 0.989700 0.997014 0.979615 0.988530 0.984673 0.994705 0.994521 0.995063 0.905402 0.993410 0.989135 0.971926 1.000000 0.988782 0.989228 0.992560 0.993632 0.990190 0.992077 0.993855 0.892698 0.983767 0.991850 0.973578 0.994436 0.993020 0.995838 0.995091 0.976416 0.988394 0.968330 0.998259 0.996204 0.990398 0.995802 0.987391 0.984704 0.971707 0.992584 0.985654 0.962102 0.978842 0.982394 0.992074 0.991771 0.990695 0.980791 0.980185 0.989852 0.986754 0.978303 0.985748 0.975334 0.988647 0.980117 0.983087 0.995148 0.961546 0.994231 0.952883 0.993505 0.977854 0.995404 0.995987 0.987999
0.991569 0.990565 0.988131 0.980070 0.990202 0.998336 0.980998 0.995522 0.993629 0.972642 0.995957 0.992741 0.985007 0.992834 0.977689 0.993679 0.996851 0.983845 0.974195 0.998179 0.993998 0.957360 0.994487 0.982608 0.991974 0.993357 0.991375 0.993222 0.994952 0.978422 0.993507 0.976136 0.992612 0.994328 0.982709 0.976074 0.977729 0.878137 0.980650 0.988264 0.991769 0.988782 1.000000 0.992130 0.971166 0.986011 0.993492 0.986587 0.977227 0.906595 0.991343 0.997590 0.970809 0.992925 0.974526 0.986381 0.981823 0.986426 0.996631 0.986828 0.983066 0.989708 0.980398 0.994513 0.998415 0.969316 0.975825 0.992354 0.992586 0.967662 0.976444 0.980605 0.984898 0.993410 0.984440 0.991876 0.976069 0.989600 0.997371 0.995567 0.961815 0.993558 0.982451 0.984211 0.977220 0.976054 0.951518 0.982559 0.944247 0.989014 0.985970 0.986378 0.996710 0.993916
0.993730 0.986919 0.989435 0.970266 0.986134 0.995535 0.987411 0.984245 0.998596 0.966964 0.991296 0.992665 0.994174 0.982846 0.964488 0.993609 0.990555 0.966536 0.959911 0.990223 0.994316 0.948187 0.993675 0.971788 0.990443 0.997132 0.984308 0.999184 0.987109 0.980711 0.991260 0.984613 0.987608 0.990968 0.990213 0.971885 0.979921 0.894517 0.983559 0.984315 0.986163 0.989228 0.992130 1.000000 0.973451 0.981754 0.983744 0.992489 0.981973 0.897156 0.990353 0.993180 0.980324 0.995001 0.976098 0.988836 0.990535 0.992253 0.992417 0.984388 0.985162 0.990777 0.973565 0.995288 0.994187 0.970154 0.980318 0.997191 0.997469 0.981638 0.962459 0.974974 0.971542 0.997437 0.983448 0.992484 0.985357 0.990357 0.994271 0.988955 0.955389 0.979786 0.985496 0.970074 0.978424 0.984634 0.942397 0.985558 0.958037 0.989173 0.989275 0.983964 0.992325 0.980774
0.947191 0.988300 0.987133 0.987055 0.976505 0.964801 0.977665 0.977075 0.978164 0.959821 0.981070 0.966477 0.963266 0.954213 0.983284 0.986882 0.978868 0.962856 0.979287 0.974041 0.982960 0.985160 0.989259 0.976105 0.960290 0.979857 0.980520 0.976751 0.975393 0.994555 0.988779 0.961860 0.968022 0.967736 0.991804 0.992949 0.995409 0.886410 0.995739 0.969090 0.941955 0.992560 0.971166 0.973451 1.000000 0.986646 0.978309 0.978982 0.994271 0.894572 0.961981 0.972966 0.949154 0.978535 0.996787 0.983736 0.983001 0.951571 0.970479 0.949629 0.993388 0.987319 0.975946 0.983419 0.967754 0.975592 0.943281 0.979113 0.969925 0.950342 0.977017 0.964214 0.988736 0.977498 0.985371 0.954275 0.963049 0.968006 0.966487 0.956306 0.993401 0.949346 0.978491 0.956323 0.988228 0.992048 0.946744 0.995888 0.948742 0.974590 0.966582 0.992720 0.980236 0.974818
0.968777 0.986892 0.978580 0.990380 0.996442 0.979917 0.990606 0.984158 0.982519 0.991622 0.986199 0.987682 0.981086 0.980571 0.993846 0.995553 0.994808 0.989677 0.992202 0.985297 0.991880 0.988464 0.993315 0.996150 0.983056 0.989536 0.991248 0.983247 0.977367 0.985000 0.988876 0.962853 0.991587 0.971375 0.992105 0.993817 0.995506 0.895769 0.988841 0.993483 0.962558 0.993632 0.986011 0.981754 0.986646 1.000000 0.980788 0.991019 0.995526 0.903748 0.988046 0.990140 0.963068 0.993000 0.994791 0.995708 0.985258 0.978125 0.987137 0.968257 0.993940 0.993840 0.993557 0.994013 0.987049 0.993536 0.976691 0.991435 0.976469 0.958622 0.964690 0.993787 0.989738 0.989186 0.997273 0.979685 0.984576 0.989313 0.988004 0.979552 0.986334 0.980138 0.993426 0.987076 0.982759 0.992369 0.981874 0.989899 0.962771 0.986429 0.960326 0.989330 0.991069 0.989278
0.975891 0.993062 0.992353 0.987569 0.983111 0.988590 0.971506 0.998376 0.988069 0.959506 0.998435 0.983628 0.967198 0.987330 0.980085 0.989333 0.990725 0.978800 0.975690 0.997067 0.984570 0.962736 0.993184 0.979553 0.984873 0.987014 0.992590 0.985430 0.998740 0.980033 0.996709 0.970185 0.984581 0.995587 0.977929 0.979795 0.979486 0.878064 0.982453 0.978651 0.982608 0.990190 0.993492 0.983744 0.978309 0.980788 1.000000 0.974614 0.974172 0.896977 0.977903 0.990849 0.957121 0.983591 0.975589 0.980776 0.978521 0.967292 0.990923 0.968022 0.985303 0.982644 0.978978 0.986970 0.987593 0.961021 0.954777 0.982471 0.983090 0.960829 0.992636 0.968317 0.991444 0.984889 0.975765 0.977031 0.956687 0.981327 0.986118 0.983306 0.973320 0.983466 0.967962 0.974193 0.972637 0.975200 0.938266 0.984777 0.937349 0.986679 0.985484 0.989325 0.994559 0.994818
